ROI_number,X_MNI,Y_MNI,Z_MNI,VOL,Frontal_L,Frontal_R,Insula_L,Insula_R,Occipital_L,Occipital_R,Parietal_L,Parietal_R,Subcortical_L,Subcortical_R,Temporal_L,Temporal_R
1,61.148,4.7222,28.111,108,0,1,0,0,0,0,0,0,0,0,0,0
2,-54.5,15.585,7.3415,164,1,0,0,0,0,0,0,0,0,0,0,0
3,35.703,38.389,-10.423,175,0,1,0,0,0,0,0,0,0,0,0,0
4,-25.777,-9.0615,68.034,179,1,0,0,0,0,0,0,0,0,0,0,0
5,8.6145,55.759,-1.9277,166,0,1,0,0,0,0,0,0,0,0,0,0
6,-40.371,-18.041,41.113,97,1,0,0,0,0,0,0,0,0,0,0,0
7,-12.137,40.603,-23.233,146,1,0,0,0,0,0,0,0,0,0,0,0
8,7.2284,-6.3147,52.132,197,0,1,0,0,0,0,0,0,0,0,0,0
9,39.426,-11.869,51.525,122,0,1,0,0,0,0,0,0,0,0,0,0
10,-48.218,10.101,-0.60504,119,1,0,0,0,0,0,0,0,0,0,0,0
11,-7.641,28.731,28.372,156,1,0,0,0,0,0,0,0,0,0,0,0
12,44.561,-0.5122,13.317,82,0,1,0,0,0,0,0,0,0,0,0,0
13,35.325,-19.831,68.795,83,0,1,0,0,0,0,0,0,0,0,0,0
14,-34.215,19.273,40.182,121,1,0,0,0,0,0,0,0,0,0,0,0
15,7.4333,57.422,9.7778,180,0,1,0,0,0,0,0,0,0,0,0,0
16,-40.425,30.832,21.027,113,1,0,0,0,0,0,0,0,0,0,0,0
17,58.962,8,7.9615,156,0,1,0,0,0,0,0,0,0,0,0,0
18,-4.825,-41.3,69.875,80,1,0,0,0,0,0,0,0,0,0,0,0
19,42.783,-14.333,60.833,120,0,1,0,0,0,0,0,0,0,0,0,0
20,-24.628,47.851,23.306,121,1,0,0,0,0,0,0,0,0,0,0,0
21,-39.345,23.823,6.9381,113,1,0,0,0,0,0,0,0,0,0,0,0
22,-4.6425,29.886,-15.741,193,0.93782,0.062176,0,0,0,0,0,0,0,0,0,0
23,1.4012,-11.689,43.952,167,0.46108,0.53892,0,0,0,0,0,0,0,0,0,0
24,62.135,-1.6629,9.5955,89,0,1,0,0,0,0,0,0,0,0,0,0
25,24.424,39.565,-14.729,170,0,1,0,0,0,0,0,0,0,0,0,0
26,-5.933,18.659,50.011,179,1,0,0,0,0,0,0,0,0,0,0,0
27,23.58,27.148,43.84,162,0,1,0,0,0,0,0,0,0,0,0,0
28,-28.728,8.8208,48.751,173,1,0,0,0,0,0,0,0,0,0,0,0
29,-28.182,52.6,9.8545,110,1,0,0,0,0,0,0,0,0,0,0,0
30,37.06,9.2771,31.301,83,0,1,0,0,0,0,0,0,0,0,0,0
31,-54.902,-13.398,46.947,133,1,0,0,0,0,0,0,0,0,0,0,0
32,-43.171,30.049,-0.91463,164,1,0,0,0,0,0,0,0,0,0,0,0
33,-5.3553,-18.211,64.592,152,1,0,0,0,0,0,0,0,0,0,0,0
34,32.981,28.46,35.18,161,0,1,0,0,0,0,0,0,0,0,0,0
35,35.551,60.034,-1.4045,178,0,1,0,0,0,0,0,0,0,0,0,0
36,-21.59,42.718,36.821,156,1,0,0,0,0,0,0,0,0,0,0,0
37,47.534,-5.5534,34.485,103,0,1,0,0,0,0,0,0,0,0,0,0
38,6.6729,28.449,43.738,214,0,1,0,0,0,0,0,0,0,0,0,0
39,-36.163,-19.796,67.286,98,1,0,0,0,0,0,0,0,0,0,0,0
40,-22.248,10.938,-19.239,113,1,0,0,0,0,0,0,0,0,0,0,0
41,-45.096,35.669,-14.229,157,1,0,0,0,0,0,0,0,0,0,0,0
42,1.0556,9.9167,29.847,144,0.47917,0.52083,0,0,0,0,0,0,0,0,0,0
43,-49.554,-16.964,41.281,139,1,0,0,0,0,0,0,0,0,0,0,0
44,39.852,24.705,7.2131,122,0,1,0,0,0,0,0,0,0,0,0,0
45,-47.212,9.3782,19.959,193,1,0,0,0,0,0,0,0,0,0,0,0
46,11.185,13.437,66.563,135,0,1,0,0,0,0,0,0,0,0,0,0
47,-8.6174,40.362,19.02,149,1,0,0,0,0,0,0,0,0,0,0,0
48,-8.6667,-23.642,73.654,162,1,0,0,0,0,0,0,0,0,0,0,0
49,-29.007,37.597,28.777,139,1,0,0,0,0,0,0,0,0,0,0,0
50,28.521,46.639,19.882,169,0,1,0,0,0,0,0,0,0,0,0,0
51,6.146,60.438,30.394,137,0,1,0,0,0,0,0,0,0,0,0,0
52,6.7114,52.685,40.201,149,0,1,0,0,0,0,0,0,0,0,0,0
53,-25.949,13.574,59.898,197,1,0,0,0,0,0,0,0,0,0,0,0
54,-38.82,56.029,-6.6043,139,1,0,0,0,0,0,0,0,0,0,0,0
55,50.015,10.135,0.06015,133,0,1,0,0,0,0,0,0,0,0,0,0
56,-39.919,0.37838,35.649,148,1,0,0,0,0,0,0,0,0,0,0,0
57,42.161,24.385,24.087,161,0,1,0,0,0,0,0,0,0,0,0,0
58,29.946,3.3108,52.257,148,0,1,0,0,0,0,0,0,0,0,0,0
59,28.526,26.263,-13.105,114,0,1,0,0,0,0,0,0,0,0,0,0
60,-6.3474,61.221,15.158,190,1,0,0,0,0,0,0,0,0,0,0,0
61,-43.338,15.969,6.2462,130,1,0,0,0,0,0,0,0,0,0,0,0
62,-5.1622,40.811,40.622,148,1,0,0,0,0,0,0,0,0,0,0,0
63,-3.2747,21.648,-10.22,91,0.96703,0.032967,0,0,0,0,0,0,0,0,0,0
64,4.6316,-35.789,71.86,114,0.070175,0.92982,0,0,0,0,0,0,0,0,0,0
65,-8.1538,-12.981,45.442,104,1,0,0,0,0,0,0,0,0,0,0,0
66,41.019,12.942,8.3462,104,0,1,0,0,0,0,0,0,0,0,0,0
67,-29.447,19.972,-21.404,141,1,0,0,0,0,0,0,0,0,0,0,0
68,-25.669,-19.554,71.355,121,1,0,0,0,0,0,0,0,0,0,0,0
69,26.186,15.93,47.407,172,0,1,0,0,0,0,0,0,0,0,0,0
70,-28,59.613,-0.22667,150,1,0,0,0,0,0,0,0,0,0,0,0
71,-11.434,47.579,10.145,152,1,0,0,0,0,0,0,0,0,0,0,0
72,30.224,-5.7414,47.741,116,0,1,0,0,0,0,0,0,0,0,0,0
73,-24.16,34.074,48.16,163,1,0,0,0,0,0,0,0,0,0,0,0
74,-59.126,3.5407,23.23,135,1,0,0,0,0,0,0,0,0,0,0,0
75,41.329,43.804,-15.846,143,0,1,0,0,0,0,0,0,0,0,0,0
76,0.84615,-8.4423,33.615,104,0.49038,0.50962,0,0,0,0,0,0,0,0,0,0
77,-34.293,51.415,18.28,164,1,0,0,0,0,0,0,0,0,0,0,0
78,17.066,63.276,-13.276,152,0,1,0,0,0,0,0,0,0,0,0,0
79,35.413,6.3,60.387,160,0,1,0,0,0,0,0,0,0,0,0,0
80,-36.793,9.7477,28.09,111,1,0,0,0,0,0,0,0,0,0,0,0
81,4.9381,39.021,-15.515,194,0.11856,0.88144,0,0,0,0,0,0,0,0,0,0
82,-16.228,-10.772,62.188,202,1,0,0,0,0,0,0,0,0,0,0,0
83,6.8159,5.6219,46.547,201,0.034826,0.96517,0,0,0,0,0,0,0,0,0,0
84,-49.77,25.842,23.37,165,1,0,0,0,0,0,0,0,0,0,0,0
85,6.2336,-26.307,64.131,137,0,1,0,0,0,0,0,0,0,0,0,0
86,36.9,52.963,18.713,160,0,1,0,0,0,0,0,0,0,0,0,0
87,11.671,43.076,16.253,158,0,1,0,0,0,0,0,0,0,0,0,0
88,-22.709,41.887,-15.716,141,1,0,0,0,0,0,0,0,0,0,0,0
89,-27.184,-22.765,57.5,196,1,0,0,0,0,0,0,0,0,0,0,0
90,15.364,-6.1818,72.714,154,0,1,0,0,0,0,0,0,0,0,0,0
91,-43.246,0.56,9.8971,175,1,0,0,0,0,0,0,0,0,0,0,0
92,-16.678,22.772,59.801,171,1,0,0,0,0,0,0,0,0,0,0,0
93,10.247,11.299,-17.34,97,0,1,0,0,0,0,0,0,0,0,0,0
94,60.553,2.539,17.901,141,0,1,0,0,0,0,0,0,0,0,0,0
95,-26.074,-12.868,55.989,189,1,0,0,0,0,0,0,0,0,0,0,0
96,5.4388,30.748,17.827,139,0,1,0,0,0,0,0,0,0,0,0,0
97,51.303,29.848,-6,132,0,1,0,0,0,0,0,0,0,0,0,0
98,-58.139,-6.2361,28.764,144,1,0,0,0,0,0,0,0,0,0,0,0
99,6.4375,-20.781,53.156,128,0,1,0,0,0,0,0,0,0,0,0,0
100,-6.2338,61.584,27.584,154,1,0,0,0,0,0,0,0,0,0,0,0
101,-32.813,24.683,-11.724,123,1,0,0,0,0,0,0,0,0,0,0,0
102,54.917,-8.8333,42.167,144,0,1,0,0,0,0,0,0,0,0,0,0
103,6.208,45.088,48.112,125,0,1,0,0,0,0,0,0,0,0,0,0
104,45.936,10.33,24.223,188,0,1,0,0,0,0,0,0,0,0,0,0
105,-40.742,38.727,12.682,132,1,0,0,0,0,0,0,0,0,0,0,0
106,-7.5875,-2.95,42.162,160,1,0,0,0,0,0,0,0,0,0,0,0
107,28.306,60.931,-11.278,144,0,1,0,0,0,0,0,0,0,0,0,0
108,11.404,47.163,6.1702,141,0,1,0,0,0,0,0,0,0,0,0,0
109,-5.8571,50.802,-22.769,182,1,0,0,0,0,0,0,0,0,0,0,0
110,34.828,29,-3.931,116,0,1,0,0,0,0,0,0,0,0,0,0
111,29.042,53.976,7.9879,165,0,1,0,0,0,0,0,0,0,0,0,0
112,-41.2,9.975,39.513,160,1,0,0,0,0,0,0,0,0,0,0,0
113,-16.569,63.215,22.369,130,1,0,0,0,0,0,0,0,0,0,0,0
114,-5.6947,8.4885,68.519,131,1,0,0,0,0,0,0,0,0,0,0,0
115,-8.5692,-35.031,75.169,130,1,0,0,0,0,0,0,0,0,0,0,0
116,-50.61,17.134,31.829,164,1,0,0,0,0,0,0,0,0,0,0,0
117,-59.778,-12.429,35.476,126,1,0,0,0,0,0,0,0,0,0,0,0
118,51.514,1.5243,46.822,185,0,1,0,0,0,0,0,0,0,0,0,0
119,5.7143,2.9857,69.371,140,0,1,0,0,0,0,0,0,0,0,0,0
120,-0.095238,50.01,-2.4381,210,0.64762,0.35238,0,0,0,0,0,0,0,0,0,0
121,50.667,-1.3333,6.9388,147,0,1,0,0,0,0,0,0,0,0,0,0
122,-4.4727,35.43,-5.1636,165,0.98182,0.018182,0,0,0,0,0,0,0,0,0,0
123,37.006,46.26,28.814,177,0,1,0,0,0,0,0,0,0,0,0,0
124,-5.6522,17.71,-19.725,138,1,0,0,0,0,0,0,0,0,0,0,0
125,-8.2182,19.43,36.012,165,1,0,0,0,0,0,0,0,0,0,0,0
126,-47.834,42.221,-6.0552,145,1,0,0,0,0,0,0,0,0,0,0,0
127,14.978,-32.19,72.774,137,0,1,0,0,0,0,0,0,0,0,0,0
128,-25.006,3.2,66.994,165,1,0,0,0,0,0,0,0,0,0,0,0
129,5.594,19.594,60.932,133,0.015038,0.98496,0,0,0,0,0,0,0,0,0,0
130,-4.605,-31.227,66.723,119,1,0,0,0,0,0,0,0,0,0,0,0
131,-7.5634,39.873,29.944,142,1,0,0,0,0,0,0,0,0,0,0,0
132,47.016,18.481,44.929,183,0,1,0,0,0,0,0,0,0,0,0,0
133,-42.82,-15.281,57.986,139,1,0,0,0,0,0,0,0,0,0,0,0
134,-6.748,50.439,43.301,123,1,0,0,0,0,0,0,0,0,0,0,0
135,-38.748,16.689,51.631,206,1,0,0,0,0,0,0,0,0,0,0,0
136,48.969,37.862,-11.195,159,0,1,0,0,0,0,0,0,0,0,0,0
137,37.682,17.572,41.383,201,0,1,0,0,0,0,0,0,0,0,0,0
138,-29.452,49.348,31.23,135,1,0,0,0,0,0,0,0,0,0,0,0
139,33.907,36.047,27.674,129,0,1,0,0,0,0,0,0,0,0,0,0
140,-28.103,60.256,-10.705,156,1,0,0,0,0,0,0,0,0,0,0,0
141,23.038,-24.337,69,208,0,1,0,0,0,0,0,0,0,0,0,0
142,-41.386,48.444,0.75817,153,1,0,0,0,0,0,0,0,0,0,0,0
143,29.475,48.45,-11.913,160,0,1,0,0,0,0,0,0,0,0,0,0
144,16.976,32.529,54.553,170,0,1,0,0,0,0,0,0,0,0,0,0
145,-6.5157,7.1447,49.849,159,1,0,0,0,0,0,0,0,0,0,0,0
146,-21.153,19.288,49.503,177,1,0,0,0,0,0,0,0,0,0,0,0
147,-57.566,-2.1316,13.105,152,1,0,0,0,0,0,0,0,0,0,0,0
148,-32.514,-5.9553,49.687,179,1,0,0,0,0,0,0,0,0,0,0,0
149,6.3784,64.568,18.946,148,0,1,0,0,0,0,0,0,0,0,0,0
150,26.019,18.804,-20.953,107,0,1,0,0,0,0,0,0,0,0,0,0
151,-15.851,19.828,-19.69,174,1,0,0,0,0,0,0,0,0,0,0,0
152,7.7405,26.573,31.168,185,0,1,0,0,0,0,0,0,0,0,0,0
153,32.105,-11.618,65.184,152,0,1,0,0,0,0,0,0,0,0,0,0
154,6.9427,50.076,-23.745,157,0,1,0,0,0,0,0,0,0,0,0,0
155,-41.179,18.444,27.368,117,1,0,0,0,0,0,0,0,0,0,0,0
156,46.816,21.645,-1.3421,152,0,1,0,0,0,0,0,0,0,0,0,0
157,0.58757,0.91525,35.107,177,0.55367,0.44633,0,0,0,0,0,0,0,0,0,0
158,-6.6333,54.367,-10.567,180,1,0,0,0,0,0,0,0,0,0,0,0
159,-18.254,-27.048,73.286,126,1,0,0,0,0,0,0,0,0,0,0,0
160,-6.2689,-13.697,73.076,119,1,0,0,0,0,0,0,0,0,0,0,0
161,-24.408,30.028,-17.296,142,1,0,0,0,0,0,0,0,0,0,0,0
162,0.21557,19.76,25.581,167,0.55689,0.44311,0,0,0,0,0,0,0,0,0,0
163,15.924,-19.873,73.083,157,0,1,0,0,0,0,0,0,0,0,0,0
164,-53.66,-3.1753,38.072,194,1,0,0,0,0,0,0,0,0,0,0,0
165,53.407,8.989,36.33,182,0,1,0,0,0,0,0,0,0,0,0,0
166,-35.795,29.128,34.017,117,1,0,0,0,0,0,0,0,0,0,0,0
167,9.519,14.861,38.203,158,0,1,0,0,0,0,0,0,0,0,0,0
168,22.98,61.624,-3.6779,149,0,1,0,0,0,0,0,0,0,0,0,0
169,40.521,42.055,10.548,146,0,1,0,0,0,0,0,0,0,0,0,0
170,-19.419,65.742,-3.1613,155,1,0,0,0,0,0,0,0,0,0,0,0
171,-23.577,0.43269,55.567,208,1,0,0,0,0,0,0,0,0,0,0,0
172,25.46,24.085,55.481,189,0,1,0,0,0,0,0,0,0,0,0,0
173,44.282,-12.41,43.128,78,0,1,0,0,0,0,0,0,0,0,0,0
174,-41.208,46.778,-13.403,144,1,0,0,0,0,0,0,0,0,0,0,0
175,14.794,19.42,-22.382,131,0,1,0,0,0,0,0,0,0,0,0,0
176,42.49,5.0833,38.115,192,0,1,0,0,0,0,0,0,0,0,0,0
177,-49.216,39.137,4.2092,153,1,0,0,0,0,0,0,0,0,0,0,0
178,56.75,23.566,14.5,152,0,1,0,0,0,0,0,0,0,0,0,0
179,3.7181,28.242,-8.094,149,0.10067,0.89933,0,0,0,0,0,0,0,0,0,0
180,-45.067,33.57,29.096,135,1,0,0,0,0,0,0,0,0,0,0,0
181,6.5409,-4.4528,62.767,159,0,1,0,0,0,0,0,0,0,0,0,0
182,-7.2174,67.986,1.4493,138,1,0,0,0,0,0,0,0,0,0,0,0
183,-40.319,43.546,22.663,163,1,0,0,0,0,0,0,0,0,0,0,0
184,16.901,61.049,25.778,162,0,1,0,0,0,0,0,0,0,0,0,0
185,-49.223,2.1871,5.9424,139,1,0,0,0,0,0,0,0,0,0,0,0
186,5.614,47.626,30.199,171,0.064327,0.93567,0,0,0,0,0,0,0,0,0,0
187,-5.8698,29.053,46.426,169,1,0,0,0,0,0,0,0,0,0,0,0
188,24.53,-14.167,71.424,132,0,1,0,0,0,0,0,0,0,0,0,0
189,45.866,27.821,36.603,179,0,1,0,0,0,0,0,0,0,0,0,0
190,-7.7323,8.6772,39.669,127,1,0,0,0,0,0,0,0,0,0,0,0
191,5.5806,64.946,-8.6237,186,0.086022,0.91398,0,0,0,0,0,0,0,0,0,0
192,-16.319,43.89,45.202,163,1,0,0,0,0,0,0,0,0,0,0,0
193,43.288,32.562,0.5875,160,0,1,0,0,0,0,0,0,0,0,0,0
194,5.7857,28.071,56.614,140,0,1,0,0,0,0,0,0,0,0,0,0
195,-54.975,17.739,19.668,199,1,0,0,0,0,0,0,0,0,0,0,0
196,52.931,24.836,24.73,189,0,1,0,0,0,0,0,0,0,0,0,0
197,-23.466,63.739,9.8261,161,1,0,0,0,0,0,0,0,0,0,0,0
198,6.5235,-13.262,72.779,149,0,1,0,0,0,0,0,0,0,0,0,0
199,-42.696,-10.783,46.902,184,1,0,0,0,0,0,0,0,0,0,0,0
200,-5.4798,-4.6821,66.185,173,1,0,0,0,0,0,0,0,0,0,0,0
201,42.405,28.431,-13.412,153,0,1,0,0,0,0,0,0,0,0,0,0
202,-53.304,26.261,7.9457,184,1,0,0,0,0,0,0,0,0,0,0,0
203,56.275,17.826,3.5507,138,0,1,0,0,0,0,0,0,0,0,0,0
204,5.4667,51.897,-12.974,195,0.097436,0.90256,0,0,0,0,0,0,0,0,0,0
205,-34.711,5.0206,59.66,194,1,0,0,0,0,0,0,0,0,0,0,0
206,41.82,51.34,3.61,200,0,1,0,0,0,0,0,0,0,0,0,0
207,39.43,-4.1006,58.67,179,0,1,0,0,0,0,0,0,0,0,0,0
208,1.0594,39.911,6.7426,202,0.4703,0.5297,0,0,0,0,0,0,0,0,0,0
209,20.598,30.659,-19.159,164,0,1,0,0,0,0,0,0,0,0,0,0
210,-6.2207,19.034,62.634,145,1,0,0,0,0,0,0,0,0,0,0,0
211,6.4481,6.9508,58.437,183,0,1,0,0,0,0,0,0,0,0,0,0
212,35.24,17.28,55.02,200,0,1,0,0,0,0,0,0,0,0,0,0
213,24.872,60.596,17.415,188,0,1,0,0,0,0,0,0,0,0,0,0
214,-29.721,49.503,-12.376,165,1,0,0,0,0,0,0,0,0,0,0,0
215,12.034,-14.78,43.644,118,0,1,0,0,0,0,0,0,0,0,0,0
216,-50.732,30.732,-5.6901,142,1,0,0,0,0,0,0,0,0,0,0,0
217,17.043,44.516,45.151,186,0,1,0,0,0,0,0,0,0,0,0,0
218,-6.0444,41.096,51.674,135,1,0,0,0,0,0,0,0,0,0,0,0
219,-46.929,4.6667,29.667,168,1,0,0,0,0,0,0,0,0,0,0,0
220,13.235,39.309,-22.778,162,0,1,0,0,0,0,0,0,0,0,0,0
221,-35.814,28.919,44.72,161,1,0,0,0,0,0,0,0,0,0,0,0
222,50.027,8.1224,12.653,147,0,1,0,0,0,0,0,0,0,0,0,0
223,32.986,29.217,-19.203,138,0,1,0,0,0,0,0,0,0,0,0,0
224,44.518,48.181,-6.8675,166,0,1,0,0,0,0,0,0,0,0,0,0
225,15.567,3.7,66.333,180,0,1,0,0,0,0,0,0,0,0,0,0
226,-55.787,7.3067,33.227,150,1,0,0,0,0,0,0,0,0,0,0,0
227,-7.4388,57.969,3.2245,196,1,0,0,0,0,0,0,0,0,0,0,0
228,6.1685,39.461,38.135,178,0,1,0,0,0,0,0,0,0,0,0,0
229,-16.167,-13.522,73.322,180,1,0,0,0,0,0,0,0,0,0,0,0
230,49.106,-8.2121,52.788,132,0,1,0,0,0,0,0,0,0,0,0,0
231,-17.012,54.682,35.235,170,1,0,0,0,0,0,0,0,0,0,0,0
232,6.9863,-25.233,73.959,146,0.013699,0.9863,0,0,0,0,0,0,0,0,0,0
233,7.3203,60.51,-19.725,153,0,1,0,0,0,0,0,0,0,0,0,0
234,24.299,65.317,5.8922,167,0,1,0,0,0,0,0,0,0,0,0,0
235,57.127,12.954,22.528,197,0,1,0,0,0,0,0,0,0,0,0,0
236,-56.819,7.7083,14.444,144,1,0,0,0,0,0,0,0,0,0,0,0
237,49.242,18.758,10.648,182,0,1,0,0,0,0,0,0,0,0,0,0
238,45.311,35.944,28.61,177,0,1,0,0,0,0,0,0,0,0,0,0
239,-33.915,39.049,-12.341,164,1,0,0,0,0,0,0,0,0,0,0,0
240,17.115,53.115,35.279,183,0,1,0,0,0,0,0,0,0,0,0,0
241,-42.815,-4.3949,55.592,157,1,0,0,0,0,0,0,0,0,0,0,0
242,-30.851,38.986,39.432,148,1,0,0,0,0,0,0,0,0,0,0,0
243,40.964,35.825,18.657,137,0,1,0,0,0,0,0,0,0,0,0,0
244,-11.684,10.877,-17.632,114,1,0,0,0,0,0,0,0,0,0,0,0
245,-0.55721,49.234,11.483,201,0.67164,0.32836,0,0,0,0,0,0,0,0,0,0
246,-6.2527,51.121,22.758,182,1,0,0,0,0,0,0,0,0,0,0,0
247,1.0452,38.945,22.925,199,0.47739,0.52261,0,0,0,0,0,0,0,0,0,0
248,-3.8658,-14.953,54.403,149,0.95973,0.040268,0,0,0,0,0,0,0,0,0,0
249,-2.2537,31.701,35.866,134,0.8209,0.1791,0,0,0,0,0,0,0,0,0,0
250,-49.765,35.294,16.221,136,1,0,0,0,0,0,0,0,0,0,0,0
251,13.425,69.438,-0.38356,146,0,1,0,0,0,0,0,0,0,0,0,0
252,6.443,29.544,-24.483,149,0,1,0,0,0,0,0,0,0,0,0,0
253,-42.245,5.6383,50.564,188,1,0,0,0,0,0,0,0,0,0,0,0
254,24.033,11.511,64.13,184,0,1,0,0,0,0,0,0,0,0,0,0
255,-49.233,10.535,43.337,172,1,0,0,0,0,0,0,0,0,0,0,0
256,8.292,-4.2044,41.781,137,0,1,0,0,0,0,0,0,0,0,0,0
257,-5.9178,29.726,58.205,146,1,0,0,0,0,0,0,0,0,0,0,0
258,-17.667,57.987,-15.603,156,1,0,0,0,0,0,0,0,0,0,0,0
259,-25.462,57.825,21.556,171,1,0,0,0,0,0,0,0,0,0,0,0
260,-34.681,30.813,-1.1648,91,1,0,0,0,0,0,0,0,0,0,0,0
261,24.995,36.951,46.995,183,0,1,0,0,0,0,0,0,0,0,0,0
262,-6.0105,42.368,-13.853,190,1,0,0,0,0,0,0,0,0,0,0,0
263,43.495,8.8713,51.267,202,0,1,0,0,0,0,0,0,0,0,0,0
264,-5.7556,-4.5,53.144,180,1,0,0,0,0,0,0,0,0,0,0,0
265,6.2644,52.851,20.529,174,0.04023,0.95977,0,0,0,0,0,0,0,0,0,0
266,25.09,40.506,33.573,178,0,1,0,0,0,0,0,0,0,0,0,0
267,-12.373,68.746,11,134,1,0,0,0,0,0,0,0,0,0,0,0
268,49.479,41.819,2.9468,188,0,1,0,0,0,0,0,0,0,0,0,0
269,-48.35,20.615,-1.9441,143,1,0,0,0,0,0,0,0,0,0,0,0
270,-14.469,-33.755,67.367,98,1,0,0,0,0,0,0,0,0,0,0,0
271,-6.2533,60.973,-18.707,150,1,0,0,0,0,0,0,0,0,0,0,0
272,-38.047,39.625,32.438,128,1,0,0,0,0,0,0,0,0,0,0,0
273,-5.5867,52.84,34.413,150,1,0,0,0,0,0,0,0,0,0,0,0
274,-34.77,-7.8182,62.31,187,1,0,0,0,0,0,0,0,0,0,0,0
275,37.253,15.956,27.736,91,0,1,0,0,0,0,0,0,0,0,0,0
276,-5.2174,28.986,-25,138,1,0,0,0,0,0,0,0,0,0,0,0
277,35.568,59.209,10.547,139,0,1,0,0,0,0,0,0,0,0,0,0
278,-6.378,7.061,59.366,164,1,0,0,0,0,0,0,0,0,0,0,0
279,0.51707,15.912,38.868,205,0.56585,0.43415,0,0,0,0,0,0,0,0,0,0
280,37.27,55.285,-11.139,137,0,1,0,0,0,0,0,0,0,0,0,0
281,-28.78,23.492,53.955,177,1,0,0,0,0,0,0,0,0,0,0,0
282,28.265,47.815,37.404,151,0,1,0,0,0,0,0,0,0,0,0,0
283,26.727,-9.4675,56.143,154,0,1,0,0,0,0,0,0,0,0,0,0
284,-62.421,-6.6737,21.368,95,1,0,0,0,0,0,0,0,0,0,0,0
285,35.327,28.281,47.889,199,0,1,0,0,0,0,0,0,0,0,0,0
286,-45.218,23.437,38.759,174,1,0,0,0,0,0,0,0,0,0,0,0
287,53.85,0.037383,27.047,107,0,1,0,0,0,0,0,0,0,0,0,0
288,6.5185,16.963,50.169,189,0.005291,0.99471,0,0,0,0,0,0,0,0,0,0
289,-35.425,58.156,7.2814,167,1,0,0,0,0,0,0,0,0,0,0,0
290,-35.255,29.679,-18.307,137,1,0,0,0,0,0,0,0,0,0,0,0
291,41.239,-2.3804,46.65,163,0,1,0,0,0,0,0,0,0,0,0,0
292,-15.57,33.468,53.152,158,1,0,0,0,0,0,0,0,0,0,0,0
293,-50.397,-2.5128,48.064,156,1,0,0,0,0,0,0,0,0,0,0,0
294,-42.813,48.48,11.493,150,1,0,0,0,0,0,0,0,0,0,0,0
295,3.8667,18.252,-19.467,135,0.11111,0.88889,0,0,0,0,0,0,0,0,0,0
296,19.109,51.62,-16.496,137,0,1,0,0,0,0,0,0,0,0,0,0
297,45.53,45.458,17.205,166,0,1,0,0,0,0,0,0,0,0,0,0
298,27.198,54.975,27.457,162,0,1,0,0,0,0,0,0,0,0,0,0
299,-14.065,-0.24865,69.373,185,1,0,0,0,0,0,0,0,0,0,0,0
300,-3.7699,30.779,16.407,113,1,0,0,0,0,0,0,0,0,0,0,0
301,-5.9798,-24.848,58.162,99,1,0,0,0,0,0,0,0,0,0,0,0
302,19.712,11.91,-17.874,111,0,1,0,0,0,0,0,0,0,0,0,0
303,16.295,21.284,60.523,176,0,1,0,0,0,0,0,0,0,0,0,0
304,-9.4843,46.704,-1.8365,159,1,0,0,0,0,0,0,0,0,0,0,0
305,-23.395,28.803,40.408,152,1,0,0,0,0,0,0,0,0,0,0,0
306,5.6855,-15.208,62.063,159,0,1,0,0,0,0,0,0,0,0,0,0
307,5.6757,66.865,6.2432,148,0,1,0,0,0,0,0,0,0,0,0,0
308,-16.098,10.831,65.475,183,1,0,0,0,0,0,0,0,0,0,0,0
309,-0.059524,40.262,-26.143,168,0.60119,0.39881,0,0,0,0,0,0,0,0,0,0
310,53.697,30.315,4.8364,165,0,1,0,0,0,0,0,0,0,0,0,0
311,17.375,-10.659,63.568,176,0,1,0,0,0,0,0,0,0,0,0,0
312,10.14,37.105,25.287,143,0,1,0,0,0,0,0,0,0,0,0,0
313,36.166,37.227,39.249,181,0,1,0,0,0,0,0,0,0,0,0,0
314,-15.695,30.565,-21.359,131,1,0,0,0,0,0,0,0,0,0,0,0
315,7.362,42.442,-4.6871,163,0,1,0,0,0,0,0,0,0,0,0,0
316,-42.795,23.89,-12.822,146,1,0,0,0,0,0,0,0,0,0,0,0
317,51.101,34.371,15.989,178,0,1,0,0,0,0,0,0,0,0,0,0
318,11.183,25.197,-16.479,142,0,1,0,0,0,0,0,0,0,0,0,0
319,-57.416,5.4867,4.2832,113,1,0,0,0,0,0,0,0,0,0,0,0
320,26.011,-1.4,66.432,190,0,1,0,0,0,0,0,0,0,0,0,0
321,57.25,-0.21667,36.883,120,0,1,0,0,0,0,0,0,0,0,0,0
322,15.477,67.242,13.451,153,0,1,0,0,0,0,0,0,0,0,0,0
323,22.734,6.9467,55.03,169,0,1,0,0,0,0,0,0,0,0,0,0
324,-7.9632,65.276,-8.319,163,1,0,0,0,0,0,0,0,0,0,0,0
325,7.1111,36.986,53.681,144,0.013889,0.98611,0,0,0,0,0,0,0,0,0,0
326,48.796,17.508,33.141,191,0,1,0,0,0,0,0,0,0,0,0,0
327,12.5,-57.907,8.4815,108,0,0,0,0,0,0,0,1,0,0,0,0
328,14.841,-62.522,54.077,207,0,0,0,0,0,0,0,1,0,0,0,0
329,-5.3488,-46,45.349,215,0,0,0,0,0,0,0.99535,0.0046512,0,0,0,0
330,-42.554,-31.804,17.982,112,0,0,0,0,0,0,1,0,0,0,0,0
331,33.776,-35.075,45.448,134,0,0,0,0,0,0,0,1,0,0,0,0
332,0.85864,-46.021,33.843,191,0,0,0,0,0,0,0.49738,0.50262,0,0,0,0
333,-63.226,-16.946,16.344,93,0,0,0,0,0,0,1,0,0,0,0,0
334,-54.365,-45.462,18.115,104,0,0,0,0,0,0,1,0,0,0,0,0
335,48,-12.925,11.717,106,0,0,0,0,0,0,0,1,0,0,0,0
336,-36.536,-34.941,42.431,153,0,0,0,0,0,0,1,0,0,0,0,0
337,46.49,-50.89,26.619,155,0,0,0,0,0,0,0,1,0,0,0,0
338,29.569,-61.583,35.042,144,0,0,0,0,0,0,0,1,0,0,0,0
339,-28.194,-41.535,58.865,155,0,0,0,0,0,0,1,0,0,0,0,0
340,-2.8776,-25.265,29.531,98,0,0,0,0,0,0,0.97959,0.020408,0,0,0,0
341,64.312,-37.844,27.156,128,0,0,0,0,0,0,0,1,0,0,0,0
342,-41.043,-73.986,37.429,140,0,0,0,0,0,0,1,0,0,0,0,0
343,55.122,-61.488,26.171,164,0,0,0,0,0,0,0,1,0,0,0,0
344,-9.8077,-46.173,3.4423,104,0,0,0,0,0,0,1,0,0,0,0,0
345,-19.984,-50.52,70.374,123,0,0,0,0,0,0,1,0,0,0,0,0
346,36.776,-34.207,68,116,0,0,0,0,0,0,0,1,0,0,0,0
347,-5.904,-33.824,53.728,125,0,0,0,0,0,0,1,0,0,0,0,0
348,39.968,-79.302,23.794,126,0,0,0,0,0,0,0,1,0,0,0,0
349,15.802,-42.721,75.568,111,0,0,0,0,0,0,0,1,0,0,0,0
350,-6.5588,-62.515,17.338,136,0,0,0,0,0,0,1,0,0,0,0,0
351,-26.989,-60,29.849,93,0,0,0,0,0,0,1,0,0,0,0,0
352,-52.961,-20.494,17.636,154,0,0,0,0,0,0,1,0,0,0,0,0
353,14.412,-35.191,41.832,131,0,0,0,0,0,0,0,1,0,0,0,0
354,61.918,-44.082,19.672,122,0,0,0,0,0,0,0,1,0,0,0,0
355,62.659,-4.8182,26.227,88,0,0,0,0,0,0,0,1,0,0,0,0
356,-57.245,-61.019,15.849,106,0,0,0,0,0,0,1,0,0,0,0,0
357,41.593,-28.322,39.644,118,0,0,0,0,0,0,0,1,0,0,0,0
358,-11.062,-56.814,70.097,145,0,0,0,0,0,0,1,0,0,0,0,0
359,57.31,-17.575,48.425,113,0,0,0,0,0,0,0,1,0,0,0,0
360,41.912,-65.887,48.629,159,0,0,0,0,0,0,0,1,0,0,0,0
361,-56.278,-13.646,13.114,79,0,0,0,0,0,0,1,0,0,0,0,0
362,6.2381,-31.714,26.929,84,0,0,0,0,0,0,0,1,0,0,0,0
363,-52.544,-65.728,22.928,125,0,0,0,0,0,0,1,0,0,0,0,0
364,54.905,-62.048,16.397,126,0,0,0,0,0,0,0,1,0,0,0,0
365,10.673,-50.035,3.823,113,0,0,0,0,0,0,0,1,0,0,0,0
366,-30.45,-45.377,47.563,151,0,0,0,0,0,0,1,0,0,0,0,0
367,48.691,-41.418,20.818,110,0,0,0,0,0,0,0,1,0,0,0,0
368,-29.695,-74.122,40.794,131,0,0,0,0,0,0,1,0,0,0,0,0
369,6.8538,-58.749,64.386,171,0,0,0,0,0,0,0,1,0,0,0,0
370,-8.2921,-55.933,1.236,89,0,0,0,0,0,0,1,0,0,0,0,0
371,-45.662,-28.5,46.243,148,0,0,0,0,0,0,1,0,0,0,0,0
372,47.646,-70.338,18.231,130,0,0,0,0,0,0,0,1,0,0,0,0
373,-44.832,-27.307,61.96,101,0,0,0,0,0,0,1,0,0,0,0,0
374,14.24,-23.58,40.12,100,0,0,0,0,0,0,0,1,0,0,0,0
375,-12.555,-47.591,34.964,137,0,0,0,0,0,0,1,0,0,0,0,0
376,50.075,-22.604,42.83,159,0,0,0,0,0,0,0,1,0,0,0,0
377,14.671,-42.521,2.7534,146,0,0,0,0,0,0,0,1,0,0,0,0
378,-14.163,-77.415,52.439,123,0,0,0,0,0,0,1,0,0,0,0,0
379,-5.7358,-51.119,62.855,159,0,0,0,0,0,0,1,0,0,0,0,0
380,31.739,-73.5,22.13,92,0,0,0,0,0,0,0,1,0,0,0,0
381,-13.694,-29.892,39.928,111,0,0,0,0,0,0,1,0,0,0,0,0
382,-62.507,-27.652,22.783,138,0,0,0,0,0,0,1,0,0,0,0,0
383,9.45,-47.917,68.417,120,0,0,0,0,0,0,0,1,0,0,0,0
384,35.478,-51.435,36.159,138,0,0,0,0,0,0,0,1,0,0,0,0
385,-55.828,-44.079,46.98,151,0,0,0,0,0,0,1,0,0,0,0,0
386,5.7045,-33.682,54.909,88,0,0,0,0,0,0,0,1,0,0,0,0
387,43.195,-29.145,50.113,159,0,0,0,0,0,0,0,1,0,0,0,0
388,-41.469,-65.565,28.898,147,0,0,0,0,0,0,1,0,0,0,0,0
389,66.46,-34.04,17.4,100,0,0,0,0,0,0,0,1,0,0,0,0
390,14,-53.287,18.154,143,0,0,0,0,0,0,0,1,0,0,0,0
391,-25.388,-34.429,71.796,98,0,0,0,0,0,0,1,0,0,0,0,0
392,54.859,-21.376,31.647,170,0,0,0,0,0,0,0,1,0,0,0,0
393,-15.93,-44.421,-1.5906,171,0,0,0,0,0,0,1,0,0,0,0,0
394,-51.807,-23.325,55.88,83,0,0,0,0,0,0,1,0,0,0,0,0
395,32.793,-73.219,48.024,169,0,0,0,0,0,0,0,1,0,0,0,0
396,43.718,-9.7882,19.059,85,0,0,0,0,0,0,0,1,0,0,0,0
397,-63.778,-17.244,26.578,90,0,0,0,0,0,0,1,0,0,0,0,0
398,-4.7183,-73.986,46.099,142,0,0,0,0,0,0,0.99296,0.0070423,0,0,0,0
399,52.142,-50.787,17.484,155,0,0,0,0,0,0,0,1,0,0,0,0
400,19.302,-67.349,28.76,129,0,0,0,0,0,0,0,1,0,0,0,0
401,-30.868,-70.543,31.488,129,0,0,0,0,0,0,1,0,0,0,0,0
402,46.262,-49.037,41.979,191,0,0,0,0,0,0,0,1,0,0,0,0
403,-4.4815,-62.241,6.3704,108,0,0,0,0,0,0,1,0,0,0,0,0
404,-62.509,-50.211,16.895,114,0,0,0,0,0,0,1,0,0,0,0,0
405,61.291,-10.018,33.709,110,0,0,0,0,0,0,0,1,0,0,0,0
406,47.084,-73.096,27.892,166,0,0,0,0,0,0,0,1,0,0,0,0
407,-49.554,-34.496,25.901,121,0,0,0,0,0,0,1,0,0,0,0,0
408,-23.113,-64.623,38.715,151,0,0,0,0,0,0,1,0,0,0,0,0
409,26.194,-39.075,71.582,134,0,0,0,0,0,0,0,1,0,0,0,0
410,-25.167,-66.949,58.538,156,0,0,0,0,0,0,1,0,0,0,0,0
411,-56.685,-50.973,37.082,146,0,0,0,0,0,0,1,0,0,0,0,0
412,-13.924,-55.97,9.6212,132,0,0,0,0,0,0,1,0,0,0,0,0
413,-0.60606,-17.131,34.889,99,0,0,0,0,0,0,0.72727,0.27273,0,0,0,0
414,56.239,-9.3394,12.991,109,0,0,0,0,0,0,0,1,0,0,0,0
415,-5.1186,-42.085,59.593,118,0,0,0,0,0,0,1,0,0,0,0,0
416,-62.421,-22.857,36,133,0,0,0,0,0,0,1,0,0,0,0,0
417,61.723,-41.618,37.699,173,0,0,0,0,0,0,0,1,0,0,0,0
418,-6.3733,-55.8,32.933,150,0,0,0,0,0,0,1,0,0,0,0,0
419,52.52,-19.898,18.915,177,0,0,0,0,0,0,0,1,0,0,0,0
420,24.957,-78.357,43.986,140,0,0,0,0,0,0,0,1,0,0,0,0
421,12.44,-44.579,33.912,159,0,0,0,0,0,0,0,1,0,0,0,0
422,-39.885,-35.236,53.026,191,0,0,0,0,0,0,1,0,0,0,0,0
423,-15.78,-61.66,3.72,100,0,0,0,0,0,0,1,0,0,0,0,0
424,-16.906,-43.648,63.321,159,0,0,0,0,0,0,1,0,0,0,0,0
425,-48.32,-46.784,25.696,125,0,0,0,0,0,0,1,0,0,0,0,0
426,57.458,-31.446,23.518,166,0,0,0,0,0,0,0,1,0,0,0,0
427,24.029,-66.755,44.804,204,0,0,0,0,0,0,0,1,0,0,0,0
428,-5.7143,-50.844,12.694,147,0,0,0,0,0,0,1,0,0,0,0,0
429,49.398,-43.94,55.145,166,0,0,0,0,0,0,0,1,0,0,0,0
430,-15.173,-67.296,48.959,196,0,0,0,0,0,0,1,0,0,0,0,0
431,-35.563,-54.127,32.239,142,0,0,0,0,0,0,1,0,0,0,0,0
432,5.8963,-43.2,22.756,135,0,0,0,0,0,0,0.0074074,0.99259,0,0,0,0
433,46,-28.433,61.361,97,0,0,0,0,0,0,0,1,0,0,0,0
434,-46.942,-55.623,21.623,138,0,0,0,0,0,0,1,0,0,0,0,0
435,55.81,-55.646,36.962,158,0,0,0,0,0,0,0,1,0,0,0,0
436,-55.008,-60.105,35.609,133,0,0,0,0,0,0,1,0,0,0,0,0
437,16.433,-52.968,71.847,157,0,0,0,0,0,0,0,1,0,0,0,0
438,-2.8547,-36.274,28.034,117,0,0,0,0,0,0,0.92308,0.076923,0,0,0,0
439,-52.899,-29.876,17.473,129,0,0,0,0,0,0,1,0,0,0,0,0
440,-12.698,-45.621,53.29,169,0,0,0,0,0,0,1,0,0,0,0,0
441,-42.774,-59.6,53.123,155,0,0,0,0,0,0,1,0,0,0,0,0
442,-30.194,-45.939,68.509,165,0,0,0,0,0,0,1,0,0,0,0,0
443,65.179,-24.991,18.855,117,0,0,0,0,0,0,0,1,0,0,0,0
444,36.647,-79.504,35.188,133,0,0,0,0,0,0,0,1,0,0,0,0
445,3.9524,-23.571,42.286,168,0,0,0,0,0,0,0.18452,0.81548,0,0,0,0
446,-57.355,-23.736,46.331,121,0,0,0,0,0,0,1,0,0,0,0,0
447,-49.833,-32.25,36.323,192,0,0,0,0,0,0,1,0,0,0,0,0
448,20.775,-61.716,65.49,204,0,0,0,0,0,0,0,1,0,0,0,0
449,-1.0154,-65.954,25.646,130,0,0,0,0,0,0,0.73077,0.26923,0,0,0,0
450,45.316,-28.684,22.284,190,0,0,0,0,0,0,0,1,0,0,0,0
451,25.012,-62.889,6.6667,81,0,0,0,0,0,0,0,1,0,0,0,0
452,-6.5373,-71.836,56.209,134,0,0,0,0,0,0,1,0,0,0,0,0
453,62.508,-18.254,39.034,118,0,0,0,0,0,0,0,1,0,0,0,0
454,-13.732,-37.53,46.591,149,0,0,0,0,0,0,1,0,0,0,0,0
455,-49.849,-68.185,33.63,119,0,0,0,0,0,0,1,0,0,0,0,0
456,11.564,-49.006,44.279,165,0,0,0,0,0,0,0,1,0,0,0,0
457,-33.393,-33.785,63.421,214,0,0,0,0,0,0,1,0,0,0,0,0
458,61.301,-28.253,43.361,166,0,0,0,0,0,0,0,1,0,0,0,0
459,19.367,-45.443,63.608,158,0,0,0,0,0,0,0,1,0,0,0,0
460,-26.797,-54.527,40.649,148,0,0,0,0,0,0,1,0,0,0,0,0
461,40.533,-43.362,50.743,210,0,0,0,0,0,0,0,1,0,0,0,0
462,-34.434,-58.663,59.699,166,0,0,0,0,0,0,1,0,0,0,0,0
463,-53.372,-22.745,28.606,188,0,0,0,0,0,0,1,0,0,0,0,0
464,28.965,-72.871,33.753,170,0,0,0,0,0,0,0,1,0,0,0,0
465,-57.539,-55.528,25.27,178,0,0,0,0,0,0,1,0,0,0,0,0
466,60.549,-50.695,28.537,164,0,0,0,0,0,0,0,1,0,0,0,0
467,14.311,-40.559,52.82,161,0,0,0,0,0,0,0,1,0,0,0,0
468,16.237,-73.096,37.748,135,0,0,0,0,0,0,0,1,0,0,0,0
469,-62.083,-43.355,36.628,121,0,0,0,0,0,0,1,0,0,0,0,0
470,21.19,-53.339,9.2893,121,0,0,0,0,0,0,0,1,0,0,0,0
471,-2.543,-67.987,36.636,151,0,0,0,0,0,0,0.86093,0.13907,0,0,0,0
472,28.598,-41.065,57.402,184,0,0,0,0,0,0,0,1,0,0,0,0
473,-5.16,-47.013,22.333,150,0,0,0,0,0,0,1,0,0,0,0,0
474,44.699,-58.945,34.442,163,0,0,0,0,0,0,0,1,0,0,0,0
475,-11.308,-46.442,73.346,104,0,0,0,0,0,0,1,0,0,0,0,0
476,-50.75,-55.286,46.393,168,0,0,0,0,0,0,1,0,0,0,0,0
477,40.667,-71.291,38.127,189,0,0,0,0,0,0,0,1,0,0,0,0
478,-45.357,-41.937,43.511,221,0,0,0,0,0,0,1,0,0,0,0,0
479,-11.748,-56.578,22.415,135,0,0,0,0,0,0,1,0,0,0,0,0
480,-5.3086,-61.284,59.247,162,0,0,0,0,0,0,1,0,0,0,0,0
481,26.14,-53.71,56.019,214,0,0,0,0,0,0,0,1,0,0,0,0
482,-26.222,-51.961,58.758,153,0,0,0,0,0,0,1,0,0,0,0,0
483,54.253,-29.989,53.802,182,0,0,0,0,0,0,0,1,0,0,0,0
484,7.9024,-67.305,34.122,164,0,0,0,0,0,0,0,1,0,0,0,0
485,9.7917,-62.764,23.194,144,0,0,0,0,0,0,0,1,0,0,0,0
486,9.7857,-70.25,59.726,168,0,0,0,0,0,0,0,1,0,0,0,0
487,-25.082,-66.959,4.8776,98,0,0,0,0,0,0,1,0,0,0,0,0
488,61.448,-53.886,17.6,105,0,0,0,0,0,0,0,1,0,0,0,0
489,-25.015,-73.191,50.309,136,0,0,0,0,0,0,1,0,0,0,0,0
490,-61.987,-33.948,30.597,154,0,0,0,0,0,0,1,0,0,0,0,0
491,-22.795,-59.41,66.487,156,0,0,0,0,0,0,1,0,0,0,0,0
492,51.706,-34.686,41.755,204,0,0,0,0,0,0,0,1,0,0,0,0
493,30.283,-64.976,57.22,205,0,0,0,0,0,0,0,1,0,0,0,0
494,12.188,-29.109,48.656,128,0,0,0,0,0,0,0,1,0,0,0,0
495,50.58,-66.203,36.623,138,0,0,0,0,0,0,0,1,0,0,0,0
496,41.845,-18.655,17.741,116,0,0,0,0,0,0,0,1,0,0,0,0
497,-45.742,-55.435,34.144,209,0,0,0,0,0,0,1,0,0,0,0,0
498,-47.528,-46.382,54.663,178,0,0,0,0,0,0,1,0,0,0,0,0
499,7.6935,-46.645,12.903,124,0,0,0,0,0,0,0,1,0,0,0,0
500,-6.8302,-58.623,46.5,212,0,0,0,0,0,0,1,0,0,0,0,0
501,-45.248,-15.156,16.642,109,0,0,0,0,0,0,1,0,0,0,0,0
502,62.608,-16.941,16.353,102,0,0,0,0,0,0,0,1,0,0,0,0
503,-18.929,-61.838,18.808,99,0,0,0,0,0,0,1,0,0,0,0,0
504,3.6056,-57.761,15,142,0,0,0,0,0,0,0.17606,0.82394,0,0,0,0
505,19.909,-73.234,55.44,175,0,0,0,0,0,0,0,1,0,0,0,0
506,-25.405,-59.61,49.723,195,0,0,0,0,0,0,1,0,0,0,0,0
507,38.793,-44.497,63.254,169,0,0,0,0,0,0,0,1,0,0,0,0
508,-53.198,-33.473,52.371,167,0,0,0,0,0,0,1,0,0,0,0,0
509,64.012,-27.665,31.665,173,0,0,0,0,0,0,0,1,0,0,0,0
510,5.7714,-34,35.817,175,0,0,0,0,0,0,0.062857,0.93714,0,0,0,0
511,-8.2754,-39.362,36.565,138,0,0,0,0,0,0,1,0,0,0,0,0
512,-34.373,-29.76,20.213,75,0,0,0,0,0,0,1,0,0,0,0,0
513,45.6,-61.973,22.533,150,0,0,0,0,0,0,0,1,0,0,0,0
514,-61.657,-45.157,25.671,140,0,0,0,0,0,0,1,0,0,0,0,0
515,31.27,-46.554,45.865,148,0,0,0,0,0,0,0,1,0,0,0,0
516,-10.463,-20.358,40.589,95,0,0,0,0,0,0,1,0,0,0,0,0
517,57.789,-39.098,48,133,0,0,0,0,0,0,0,1,0,0,0,0
518,-15.556,-56.283,57.141,198,0,0,0,0,0,0,1,0,0,0,0,0
519,-14.229,-67.796,61.962,157,0,0,0,0,0,0,1,0,0,0,0,0
520,-45.759,-65.468,43.342,158,0,0,0,0,0,0,1,0,0,0,0,0
521,64.712,-7.8654,16.25,104,0,0,0,0,0,0,0,1,0,0,0,0
522,-34.679,-63.531,40.498,209,0,0,0,0,0,0,1,0,0,0,0,0
523,-53.903,-41.472,34.25,144,0,0,0,0,0,0,1,0,0,0,0,0
524,49.802,-58.748,45.817,131,0,0,0,0,0,0,0,1,0,0,0,0
525,3.1921,-52.463,52.256,203,0,0,0,0,0,0,0.24138,0.75862,0,0,0,0
526,-24.56,-58.68,6.32,100,0,0,0,0,0,0,1,0,0,0,0,0
527,-43.383,-38.267,61.117,120,0,0,0,0,0,0,1,0,0,0,0,0
528,3.1401,-54.773,26.193,207,0,0,0,0,0,0,0.29952,0.70048,0,0,0,0
529,53.347,-42.622,30.839,193,0,0,0,0,0,0,0,1,0,0,0,0
530,-40.876,-22.569,19.46,137,0,0,0,0,0,0,1,0,0,0,0,0
531,28.497,-49.408,68.426,169,0,0,0,0,0,0,0,1,0,0,0,0
532,13.457,-52.346,58.272,162,0,0,0,0,0,0,0,1,0,0,0,0
533,-3.5615,-30.93,41.209,187,0,0,0,0,0,0,0.96791,0.032086,0,0,0,0
534,3.303,-57.475,39.566,198,0,0,0,0,0,0,0.24242,0.75758,0,0,0,0
535,26.212,-55.854,43.43,151,0,0,0,0,0,0,0,1,0,0,0,0
536,-60.437,-32.967,42.04,151,0,0,0,0,0,0,1,0,0,0,0,0
537,-8.7302,-25.143,48.032,126,0,0,0,0,0,0,1,0,0,0,0,0
538,39.57,-35.747,58.025,158,0,0,0,0,0,0,0,1,0,0,0,0
539,34.646,-66.677,26.8,130,0,0,0,0,0,0,0,1,0,0,0,0
540,21.606,-57.669,21.953,127,0,0,0,0,0,0,0,1,0,0,0,0
541,-11.891,-62.688,37.828,128,0,0,0,0,0,0,1,0,0,0,0,0
542,4.9312,-39.884,46.138,189,0,0,0,0,0,0,0.074074,0.92593,0,0,0,0
543,-35.736,-70.066,49.956,182,0,0,0,0,0,0,1,0,0,0,0,0
544,40.882,-39.671,39.539,152,0,0,0,0,0,0,0,1,0,0,0,0
545,-38.113,-53.104,46.679,212,0,0,0,0,0,0,1,0,0,0,0,0
546,55.504,-48.936,46.326,141,0,0,0,0,0,0,0,1,0,0,0,0
547,-19.527,-40.873,74.655,110,0,0,0,0,0,0,1,0,0,0,0,0
548,51.342,-19.079,56.474,76,0,0,0,0,0,0,0,1,0,0,0,0
549,34.941,-55.124,61.673,153,0,0,0,0,0,0,0,1,0,0,0,0
550,13.751,-56.793,32.864,169,0,0,0,0,0,0,0,1,0,0,0,0
551,13.204,-61.978,42.939,181,0,0,0,0,0,0,0,1,0,0,0,0
552,-37.282,-47.188,59.494,170,0,0,0,0,0,0,1,0,0,0,0,0
553,4.3133,-21.566,29.735,83,0,0,0,0,0,0,0,1,0,0,0,0
554,2.9171,-65.922,50.351,205,0,0,0,0,0,0,0.25854,0.74146,0,0,0,0
555,6.6822,-41.535,59.38,129,0,0,0,0,0,0,0,1,0,0,0,0
556,35.783,-59.041,45.213,221,0,0,0,0,0,0,0,1,0,0,0,0
557,62.319,-15.138,25.436,188,0,0,0,0,0,0,0,1,0,0,0,0
558,43.547,-55.442,54.256,172,0,0,0,0,0,0,0,1,0,0,0,0
559,11.041,-73.801,47.263,171,0,0,0,0,0,0,0,1,0,0,0,0
560,-35.282,-45.71,38.305,131,0,0,0,0,0,0,1,0,0,0,0,0
561,-38.105,-72.749,10.947,171,0,0,0,0,1,0,0,0,0,0,0,0
562,-16.121,-80.424,42.227,132,0,0,0,0,1,0,0,0,0,0,0,0
563,16.136,-81.007,29.388,147,0,0,0,0,0,1,0,0,0,0,0,0
564,-14.504,-60.945,-6.5827,127,0,0,0,0,1,0,0,0,0,0,0,0
565,48.705,-75.568,7.0072,139,0,0,0,0,0,1,0,0,0,0,0,0
566,-33.205,-62.455,-12.432,88,0,0,0,0,1,0,0,0,0,0,0,0
567,52.989,-66.779,-2.0211,95,0,0,0,0,0,1,0,0,0,0,0,0
568,10.033,-66.488,12.455,123,0,0,0,0,0,1,0,0,0,0,0,0
569,-37.338,-75.176,21.191,136,0,0,0,0,1,0,0,0,0,0,0,0
570,-14.722,-49.649,-7.0309,97,0,0,0,0,1,0,0,0,0,0,0,0
571,-5.8849,-73.827,25.525,139,0,0,0,0,1,0,0,0,0,0,0,0
572,16.154,-48.222,-5.9487,117,0,0,0,0,0,1,0,0,0,0,0,0
573,30.308,-72.282,-12.026,156,0,0,0,0,0,1,0,0,0,0,0,0
574,-55.795,-63.284,6.4318,176,0,0,0,0,1,0,0,0,0,0,0,0
575,-16.112,-68,10.86,107,0,0,0,0,1,0,0,0,0,0,0,0
576,-17.02,-101.05,-4.2177,147,0,0,0,0,1,0,0,0,0,0,0,0
577,45.161,-67.468,2,124,0,0,0,0,0,1,0,0,0,0,0,0
578,-48.066,-74.975,20.595,121,0,0,0,0,1,0,0,0,0,0,0,0
579,-15.403,-87.714,35.338,154,0,0,0,0,1,0,0,0,0,0,0,0
580,-43.705,-64.189,-7.8526,95,0,0,0,0,1,0,0,0,0,0,0,0
581,-24.141,-87.535,2.2595,185,0,0,0,0,1,0,0,0,0,0,0,0
582,-13.546,-98.151,-14.185,119,0,0,0,0,1,0,0,0,0,0,0,0
583,24,-47.732,-9.7573,239,0,0,0,0,0,1,0,0,0,0,0,0
584,33.425,-87.448,21.931,87,0,0,0,0,0,1,0,0,0,0,0,0
585,-19.5,-44.045,-11.477,88,0,0,0,0,1,0,0,0,0,0,0,0
586,8.3265,-83.959,36.789,147,0,0,0,0,0,1,0,0,0,0,0,0
587,-13.45,-88,-19.767,120,0,0,0,0,1,0,0,0,0,0,0,0
588,-26.061,-70.121,23.838,99,0,0,0,0,1,0,0,0,0,0,0,0
589,17.72,-59.497,-7.9161,143,0,0,0,0,0,1,0,0,0,0,0,0
590,18.628,-78.41,-0.11538,156,0,0,0,0,0,1,0,0,0,0,0,0
591,-39.263,-64.821,18.737,95,0,0,0,0,1,0,0,0,0,0,0,0
592,44.11,-63.137,7.3425,146,0,0,0,0,0,1,0,0,0,0,0,0
593,-50.474,-71.126,-6.5185,135,0,0,0,0,1,0,0,0,0,0,0,0
594,-35.349,-81.116,38.302,86,0,0,0,0,1,0,0,0,0,0,0,0
595,-21.196,-55.732,-3.2577,97,0,0,0,0,1,0,0,0,0,0,0,0
596,29.819,-83.375,9.2361,144,0,0,0,0,0,1,0,0,0,0,0,0
597,-34.816,-82.097,-19.029,103,0,0,0,0,1,0,0,0,0,0,0,0
598,18.538,-96.221,-12.621,145,0,0,0,0,0,1,0,0,0,0,0,0
599,-28.768,-73.695,-16.768,151,0,0,0,0,1,0,0,0,0,0,0,0
600,-4.6625,-97.987,-4.675,160,0,0,0,0,0.9875,0.0125,0,0,0,0,0,0
601,10.143,-61.492,-0.47619,126,0,0,0,0,0,1,0,0,0,0,0,0
602,38.063,-84.476,12.778,126,0,0,0,0,0,1,0,0,0,0,0,0
603,-5.6716,-71.746,15.164,134,0,0,0,0,1,0,0,0,0,0,0,0
604,-17.021,-70.579,34.869,145,0,0,0,0,1,0,0,0,0,0,0,0
605,-47.551,-66.068,12.816,147,0,0,0,0,1,0,0,0,0,0,0,0
606,-5.0247,-88.568,31.728,162,0,0,0,0,1,0,0,0,0,0,0,0
607,12.289,-98.173,-2,173,0,0,0,0,0,1,0,0,0,0,0,0
608,-25.628,-83.411,39.969,129,0,0,0,0,1,0,0,0,0,0,0,0
609,-6.9459,-70.892,4.5676,148,0,0,0,0,1,0,0,0,0,0,0,0
610,26.703,-61.694,-12.036,111,0,0,0,0,0,1,0,0,0,0,0,0
611,-23.617,-53.85,-11.883,120,0,0,0,0,1,0,0,0,0,0,0,0
612,-24.253,-97.266,5.9241,158,0,0,0,0,1,0,0,0,0,0,0,0
613,24.146,-68.081,-5.0244,123,0,0,0,0,0,1,0,0,0,0,0,0
614,-40.527,-86.257,-5.1351,148,0,0,0,0,1,0,0,0,0,0,0,0
615,30.667,-91.203,-13.855,138,0,0,0,0,0,1,0,0,0,0,0,0
616,19.459,-55.568,1.1351,111,0,0,0,0,0,1,0,0,0,0,0,0
617,35.059,-80.506,-5.8471,170,0,0,0,0,0,1,0,0,0,0,0,0
618,11.177,-98.113,10.823,124,0,0,0,0,0,1,0,0,0,0,0,0
619,-24.526,-87.008,-20.18,133,0,0,0,0,1,0,0,0,0,0,0,0
620,-37.084,-88.726,4.9832,179,0,0,0,0,1,0,0,0,0,0,0,0
621,-48.39,-57.915,3.8983,118,0,0,0,0,1,0,0,0,0,0,0,0
622,13.421,-91.829,26.237,152,0,0,0,0,0,1,0,0,0,0,0,0
623,37.732,-75.859,5.4225,142,0,0,0,0,0,1,0,0,0,0,0,0
624,15.982,-87.261,-17.622,111,0,0,0,0,0,1,0,0,0,0,0,0
625,-16.59,-97.949,14.308,156,0,0,0,0,1,0,0,0,0,0,0,0
626,34.698,-92.279,-2.4806,129,0,0,0,0,0,1,0,0,0,0,0,0
627,18.423,-75.437,11.549,142,0,0,0,0,0,1,0,0,0,0,0,0
628,39.718,-69.128,-9.1795,78,0,0,0,0,0,1,0,0,0,0,0,0
629,-46.609,-78.093,-0.1457,151,0,0,0,0,1,0,0,0,0,0,0,0
630,-5.5207,-82.793,41.752,121,0,0,0,0,0.99174,0.0082645,0,0,0,0,0,0
631,4.0134,-70.201,5.1544,149,0,0,0,0,0.10738,0.89262,0,0,0,0,0,0
632,-34.492,-89.954,-13.431,130,0,0,0,0,1,0,0,0,0,0,0,0
633,-20.69,-77.648,6.9014,142,0,0,0,0,1,0,0,0,0,0,0,0
634,-33.562,-84.994,28.71,169,0,0,0,0,1,0,0,0,0,0,0,0
635,-6.8395,-80.333,-12.679,162,0,0,0,0,1,0,0,0,0,0,0,0
636,36.02,-81.327,-17.802,101,0,0,0,0,0,1,0,0,0,0,0,0
637,9.6513,-78.851,6.8205,195,0,0,0,0,0,1,0,0,0,0,0,0
638,-17.475,-71.532,-12.525,141,0,0,0,0,1,0,0,0,0,0,0,0
639,-36.953,-72.671,-8.2941,170,0,0,0,0,1,0,0,0,0,0,0,0
640,29.948,-92.745,10.405,153,0,0,0,0,0,1,0,0,0,0,0,0
641,25.452,-82.963,-18.326,135,0,0,0,0,0,1,0,0,0,0,0,0
642,-48.671,-77.197,8.9605,152,0,0,0,0,1,0,0,0,0,0,0,0
643,-15.724,-90.571,-7.1034,203,0,0,0,0,1,0,0,0,0,0,0,0
644,-43.607,-78.115,29.213,122,0,0,0,0,1,0,0,0,0,0,0,0
645,18.128,-85.872,18.395,172,0,0,0,0,0,1,0,0,0,0,0,0
646,5.6078,-75.48,18.598,204,0,0,0,0,0.083333,0.91667,0,0,0,0,0,0
647,30.179,-80.78,23.106,123,0,0,0,0,0,1,0,0,0,0,0,0
648,-3.2199,-98.113,8.6383,141,0,0,0,0,0.94326,0.056738,0,0,0,0,0,0
649,-7.0282,-71,-6.2113,142,0,0,0,0,1,0,0,0,0,0,0,0
650,21.525,-98.302,6.1007,139,0,0,0,0,0,1,0,0,0,0,0,0
651,-24.476,-63.58,-10.923,143,0,0,0,0,1,0,0,0,0,0,0,0
652,-13.591,-93.682,24.712,132,0,0,0,0,1,0,0,0,0,0,0,0
653,-42.563,-66.719,1.8443,167,0,0,0,0,1,0,0,0,0,0,0,0
654,-30.184,-95.224,-3.3289,152,0,0,0,0,1,0,0,0,0,0,0,0
655,-4.8161,-94.103,19.529,174,0,0,0,0,0.98851,0.011494,0,0,0,0,0,0
656,13.6,-83.882,43.788,85,0,0,0,0,0,1,0,0,0,0,0,0
657,17.714,-67.578,4.7075,147,0,0,0,0,0,1,0,0,0,0,0,0
658,10.64,-79.333,-11.933,150,0,0,0,0,0,1,0,0,0,0,0,0
659,3.3333,-90.97,4.0242,165,0,0,0,0,0.22424,0.77576,0,0,0,0,0,0
660,25.168,-97.752,-4.7299,137,0,0,0,0,0,1,0,0,0,0,0,0
661,21.829,-84.88,-9.2914,175,0,0,0,0,0,1,0,0,0,0,0,0
662,54.151,-65.208,6.6981,106,0,0,0,0,0,1,0,0,0,0,0,0
663,5.9859,-75.972,30.746,142,0,0,0,0,0.098592,0.90141,0,0,0,0,0,0
664,-12.879,-80.367,-1.6522,207,0,0,0,0,1,0,0,0,0,0,0,0
665,-13.06,-64.18,28.02,100,0,0,0,0,1,0,0,0,0,0,0,0
666,-41.272,-83.988,16.694,173,0,0,0,0,1,0,0,0,0,0,0,0
667,-24.167,-96.056,-12.889,144,0,0,0,0,1,0,0,0,0,0,0,0
668,-17.113,-69.732,-1.1549,142,0,0,0,0,1,0,0,0,0,0,0,0
669,-18.599,-81.416,-14,137,0,0,0,0,1,0,0,0,0,0,0,0
670,10.843,-70.94,-5.2892,166,0,0,0,0,0,1,0,0,0,0,0,0
671,3.9878,-84.354,25.573,164,0,0,0,0,0.2439,0.7561,0,0,0,0,0,0
672,41.657,-85.493,-8.9701,134,0,0,0,0,0,1,0,0,0,0,0,0
673,5.3228,-89.545,15.704,189,0,0,0,0,0.10582,0.89418,0,0,0,0,0,0
674,1.6933,-78.724,-3.0184,163,0,0,0,0,0.39264,0.60736,0,0,0,0,0,0
675,-23.44,-90.173,25.6,150,0,0,0,0,1,0,0,0,0,0,0,0
676,19.861,-72.361,-13.097,144,0,0,0,0,0,1,0,0,0,0,0,0
677,-2.2126,-81.903,9.8068,207,0,0,0,0,0.83575,0.16425,0,0,0,0,0,0
678,5.3931,-87.862,-13.848,145,0,0,0,0,0.068966,0.93103,0,0,0,0,0,0
679,-11.037,-90.908,5.9083,218,0,0,0,0,1,0,0,0,0,0,0,0
680,18.992,-96.165,16.737,133,0,0,0,0,0,1,0,0,0,0,0,0
681,-43.884,-79.669,-12.793,121,0,0,0,0,1,0,0,0,0,0,0,0
682,-26.379,-80.928,21.294,153,0,0,0,0,1,0,0,0,0,0,0,0
683,20.596,-86.772,37.351,114,0,0,0,0,0,1,0,0,0,0,0,0
684,-3.5155,-87.876,-4.3975,161,0,0,0,0,0.89441,0.10559,0,0,0,0,0,0
685,-12.388,-79.775,11.975,160,0,0,0,0,1,0,0,0,0,0,0,0
686,-8.4151,-77.182,34.352,159,0,0,0,0,1,0,0,0,0,0,0,0
687,-5.2759,-91.552,-14.138,116,0,0,0,0,1,0,0,0,0,0,0,0
688,43.982,-77.281,-14.351,114,0,0,0,0,0,1,0,0,0,0,0,0
689,-11.953,-102.12,4.6562,128,0,0,0,0,1,0,0,0,0,0,0,0
690,-28.879,-83.901,-8.989,182,0,0,0,0,1,0,0,0,0,0,0,0
691,-31.154,-82.277,11.692,130,0,0,0,0,1,0,0,0,0,0,0,0
692,-34,-78.471,1.4,170,0,0,0,0,1,0,0,0,0,0,0,0
693,24.343,-90.814,24.129,140,0,0,0,0,0,1,0,0,0,0,0,0
694,9.9563,-88.536,-5.0929,183,0,0,0,0,0,1,0,0,0,0,0,0
695,15,-89.146,5.8652,178,0,0,0,0,0,1,0,0,0,0,0,0
696,48.155,-75.352,-4.8169,142,0,0,0,0,0,1,0,0,0,0,0,0
697,-10.212,-83.272,22.885,217,0,0,0,0,1,0,0,0,0,0,0,0
698,-30.263,-91.197,16.342,152,0,0,0,0,1,0,0,0,0,0,0,0
699,-15.962,-73.223,22.522,157,0,0,0,0,1,0,0,0,0,0,0,0
700,-24.747,-75.76,-4.92,150,0,0,0,0,1,0,0,0,0,0,0,0
701,-19.241,-88.316,14.861,158,0,0,0,0,1,0,0,0,0,0,0,0
702,28.474,-84.579,32.368,114,0,0,0,0,0,1,0,0,0,0,0,0
703,41.795,-84.872,2.5641,156,0,0,0,0,0,1,0,0,0,0,0,0
704,26.114,-89.528,-0.78049,123,0,0,0,0,0,1,0,0,0,0,0,0
705,16.76,-68.146,19.406,192,0,0,0,0,0,1,0,0,0,0,0,0
706,-23.174,-78.79,31.066,167,0,0,0,0,1,0,0,0,0,0,0,0
707,-40.692,-59.121,11.121,107,0,0,0,0,1,0,0,0,0,0,0,0
708,-42.719,6.8876,-22.101,178,0,0,0,0,0,0,0,0,0,0,1,0
709,41.904,1.3797,-34.225,187,0,0,0,0,0,0,0,0,0,0,0,1
710,-52.545,-15.379,5.303,132,0,0,0,0,0,0,0,0,0,0,1,0
711,48.16,-27.888,0.752,125,0,0,0,0,0,0,0,0,0,0,0,1
712,57.102,-38.568,-12.864,176,0,0,0,0,0,0,0,0,0,0,0,1
713,-38.824,-41.324,-17.189,148,0,0,0,0,0,0,0,0,0,0,1,0
714,64.978,-12.567,-12.278,180,0,0,0,0,0,0,0,0,0,0,0,1
715,-56.412,-48.931,6.6718,131,0,0,0,0,0,0,0,0,0,0,1,0
716,-24.982,7.25,-43.857,112,0,0,0,0,0,0,0,0,0,0,1,0
717,29.359,-40.703,-16.391,128,0,0,0,0,0,0,0,0,0,0,0,1
718,30.17,-3.7273,-18.705,176,0,0,0,0,0,0,0,0,0,0,0,1
719,-42.587,-2.2635,-34.707,167,0,0,0,0,0,0,0,0,0,0,1,0
720,-48.078,-48.098,9.3137,102,0,0,0,0,0,0,0,0,0,0,1,0
721,43.118,-0.58824,-44.456,136,0,0,0,0,0,0,0,0,0,0,0,1
722,49.317,-20.573,-6.5854,164,0,0,0,0,0,0,0,0,0,0,0,1
723,52.536,-65.519,-10.776,183,0,0,0,0,0,0,0,0,0,0,0,1
724,-61.583,-38.312,18.896,96,0,0,0,0,0,0,0,0,0,0,1,0
725,61.649,-0.10526,-0.17544,114,0,0,0,0,0,0,0,0,0,0,0,1
726,-30.016,-2.0787,-44.173,127,0,0,0,0,0,0,0,0,0,0,1,0
727,48.737,-51.509,2.1404,114,0,0,0,0,0,0,0,0,0,0,0,1
728,-55.391,-16.848,-32.49,151,0,0,0,0,0,0,0,0,0,0,1,0
729,35.674,-28.419,-16.992,129,0,0,0,0,0,0,0,0,0,0,0,1
730,65.866,-40.711,7.1946,149,0,0,0,0,0,0,0,0,0,0,0,1
731,-48.803,1.5102,-11.619,147,0,0,0,0,0,0,0,0,0,0,1,0
732,-28.037,-43.174,-16.202,109,0,0,0,0,0,0,0,0,0,0,1,0
733,-60.056,-5.4861,1.0833,144,0,0,0,0,0,0,0,0,0,0,1,0
734,-56.963,-37.45,7.6625,160,0,0,0,0,0,0,0,0,0,0,1,0
735,-30.466,-3.681,-33.865,163,0,0,0,0,0,0,0,0,0,0,1,0
736,56.323,-32.82,-4.0248,161,0,0,0,0,0,0,0,0,0,0,0,1
737,-44.549,-52.96,-12.411,175,0,0,0,0,0,0,0,0,0,0,1,0
738,56.094,-43.893,2.5638,149,0,0,0,0,0,0,0,0,0,0,0,1
739,55.119,-19,8.1045,134,0,0,0,0,0,0,0,0,0,0,0,1
740,-61.542,-24.931,-25.486,144,0,0,0,0,0,0,0,0,0,0,1,0
741,-61.366,-43,-14.561,164,0,0,0,0,0,0,0,0,0,0,1,0
742,23.753,-12.392,-30.619,97,0,0,0,0,0,0,0,0,0,0,0,1
743,-60.556,-3.7594,-21.368,133,0,0,0,0,0,0,0,0,0,0,1,0
744,57.611,8.5741,-6.463,108,0,0,0,0,0,0,0,0,0,0,0,1
745,58.031,-23.122,-13.694,196,0,0,0,0,0,0,0,0,0,0,0,1
746,-54.071,-61.229,-5.9,140,0,0,0,0,0,0,0,0,0,0,1,0
747,45.711,-41.17,-16.063,159,0,0,0,0,0,0,0,0,0,0,0,1
748,-25.252,-27.27,-21.061,115,0,0,0,0,0,0,0,0,0,0,1,0
749,-51.33,-6.98,-18.75,200,0,0,0,0,0,0,0,0,0,0,1,0
750,-40.304,-13.214,-9.1071,112,0,0,0,0,0,0,0,0,0,0,1,0
751,49.117,-6.9517,-38.483,145,0,0,0,0,0,0,0,0,0,0,0,1
752,36.17,20.27,-37.39,141,0,0,0,0,0,0,0,0,0,0,0,1
753,-42.019,-3.9612,-16.388,103,0,0,0,0,0,0,0,0,0,0,1,0
754,48.295,-36.51,4.6711,149,0,0,0,0,0,0,0,0,0,0,0,1
755,61.514,-52.569,7.6528,144,0,0,0,0,0,0,0,0,0,0,0,1
756,18.874,-0.60109,-28.47,183,0,0,0,0,0,0,0,0,0,0,0,1
757,59.566,-37.52,-22.491,175,0,0,0,0,0,0,0,0,0,0,0,1
758,-51.043,12.122,-11.13,115,0,0,0,0,0,0,0,0,0,0,1,0
759,-32.566,-17.316,-29.987,152,0,0,0,0,0,0,0,0,0,0,1,0
760,45.477,-58.256,-7.7791,172,0,0,0,0,0,0,0,0,0,0,0,1
761,-62.326,-51.541,-8.5037,135,0,0,0,0,0,0,0,0,0,0,1,0
762,24.422,-22.385,-23.56,109,0,0,0,0,0,0,0,0,0,0,0,1
763,52.55,-4.4327,-2.0819,171,0,0,0,0,0,0,0,0,0,0,0,1
764,-33.099,9.1656,-29.06,151,0,0,0,0,0,0,0,0,0,0,1,0
765,-43.557,-42.342,-25.646,158,0,0,0,0,0,0,0,0,0,0,1,0
766,55.58,-49.096,-23.21,157,0,0,0,0,0,0,0,0,0,0,0,1
767,-56.685,4.5946,-5.6396,111,0,0,0,0,0,0,0,0,0,0,1,0
768,-42.245,-22.679,8.0755,106,0,0,0,0,0,0,0,0,0,0,1,0
769,-39.512,-62.52,-17.984,127,0,0,0,0,0,0,0,0,0,0,1,0
770,43.648,-10.197,-28.831,142,0,0,0,0,0,0,0,0,0,0,0,1
771,-19.782,-0.27586,-23,174,0,0,0,0,0,0,0,0,0,0,1,0
772,45.554,-7.5372,-9.5372,121,0,0,0,0,0,0,0,0,0,0,0,1
773,-62.958,-29.882,13.042,119,0,0,0,0,0,0,0,0,0,0,1,0
774,-30.715,-36.73,-22.336,137,0,0,0,0,0,0,0,0,0,0,1,0
775,50.51,4.9682,-12.076,157,0,0,0,0,0,0,0,0,0,0,0,1
776,25.915,17.155,-36.986,142,0,0,0,0,0,0,0,0,0,0,0,1
777,66.101,-17.362,7.3768,138,0,0,0,0,0,0,0,0,0,0,0,1
778,-41.907,0.17333,-44.68,150,0,0,0,0,0,0,0,0,0,0,1,0
779,-55.268,-48.338,-23.38,142,0,0,0,0,0,0,0,0,0,0,1,0
780,26.283,-31.567,-18.283,120,0,0,0,0,0,0,0,0,0,0,0,1
781,-49.366,-67.592,-17.155,142,0,0,0,0,0,0,0,0,0,0,1,0
782,30.151,5.7358,-23.61,159,0,0,0,0,0,0,0,0,0,0,0,1
783,58.263,-57.593,-1.3653,167,0,0,0,0,0,0,0,0,0,0,0,1
784,-48.717,-40.759,1.9172,145,0,0,0,0,0,0,0,0,0,0,1,0
785,66.714,-33.442,-1.4286,154,0,0,0,0,0,0,0,0,0,0,0,1
786,-30.974,2.487,-20.139,115,0,0,0,0,0,0,0,0,0,0,1,0
787,-64.715,-43.241,8.3796,137,0,0,0,0,0,0,0,0,0,0,1,0
788,23.891,6.2636,-43.566,129,0,0,0,0,0,0,0,0,0,0,0,1
789,44.948,-19.229,6.1285,249,0,0,0,0,0,0,0,0,0,0,0,1
790,-42.115,19.655,-27.755,139,0,0,0,0,0,0,0,0,0,0,1,0
791,-63.482,-18.705,6.2878,139,0,0,0,0,0,0,0,0,0,0,1,0
792,51.505,-2.9895,-22.021,190,0,0,0,0,0,0,0,0,0,0,0,1
793,-54.684,-36.303,-24.763,152,0,0,0,0,0,0,0,0,0,0,1,0
794,-39.552,-19.413,-21.678,143,0,0,0,0,0,0,0,0,0,0,1,0
795,66.54,-23.606,-17.095,137,0,0,0,0,0,0,0,0,0,0,0,1
796,-47.756,16.763,-19.511,131,0,0,0,0,0,0,0,0,0,0,1,0
797,-48.142,-35.912,13.54,113,0,0,0,0,0,0,0,0,0,0,1,0
798,65.928,-28.892,8.4892,139,0,0,0,0,0,0,0,0,0,0,0,1
799,45.043,-64.765,-18.278,115,0,0,0,0,0,0,0,0,0,0,0,1
800,-51.634,-19.248,-9.6931,202,0,0,0,0,0,0,0,0,0,0,1,0
801,47.813,18.835,-22.259,139,0,0,0,0,0,0,0,0,0,0,0,1
802,41.481,-19.985,-22.55,131,0,0,0,0,0,0,0,0,0,0,0,1
803,62.392,-15.135,-24.892,148,0,0,0,0,0,0,0,0,0,0,0,1
804,33.727,-28.719,-26.072,139,0,0,0,0,0,0,0,0,0,0,0,1
805,-65.012,-20.776,-13.424,170,0,0,0,0,0,0,0,0,0,0,1,0
806,-51.752,3.3725,-34.928,153,0,0,0,0,0,0,0,0,0,0,1,0
807,33.553,10.082,-42.706,170,0,0,0,0,0,0,0,0,0,0,0,1
808,-34.024,-27.602,-25.096,166,0,0,0,0,0,0,0,0,0,0,1,0
809,48.171,14.463,-31.805,164,0,0,0,0,0,0,0,0,0,0,0,1
810,66.025,-34.357,-12.637,157,0,0,0,0,0,0,0,0,0,0,0,1
811,-56.629,-57.874,-15.447,159,0,0,0,0,0,0,0,0,0,0,1,0
812,-61.198,-17.561,-3.7433,187,0,0,0,0,0,0,0,0,0,0,1,0
813,61.651,-51.256,-12.686,172,0,0,0,0,0,0,0,0,0,0,0,1
814,61.202,-10.798,0.24242,198,0,0,0,0,0,0,0,0,0,0,0,1
815,-66.268,-31.866,-7.4146,164,0,0,0,0,0,0,0,0,0,0,1,0
816,44.52,-52.441,-18.712,177,0,0,0,0,0,0,0,0,0,0,0,1
817,53.419,-11.52,-13.352,179,0,0,0,0,0,0,0,0,0,0,0,1
818,55.437,7.6647,-22.371,167,0,0,0,0,0,0,0,0,0,0,0,1
819,-22.906,4.6475,-33.669,139,0,0,0,0,0,0,0,0,0,0,1,0
820,-43.935,11.725,-37.673,153,0,0,0,0,0,0,0,0,0,0,1,0
821,43.809,8.3694,-23.146,157,0,0,0,0,0,0,0,0,0,0,0,1
822,-54.95,-25.3,5.85,160,0,0,0,0,0,0,0,0,0,0,1,0
823,-60.69,-14.023,-22.444,171,0,0,0,0,0,0,0,0,0,0,1,0
824,-50.307,-41.852,-15.727,176,0,0,0,0,0,0,0,0,0,0,1,0
825,64.671,-45.399,-3.7688,173,0,0,0,0,0,0,0,0,0,0,0,1
826,54.224,-30.587,13.217,143,0,0,0,0,0,0,0,0,0,0,0,1
827,48.061,-30.327,-22.939,196,0,0,0,0,0,0,0,0,0,0,0,1
828,-64.976,-29.451,2.9146,164,0,0,0,0,0,0,0,0,0,0,1,0
829,-44.072,-31.09,-22.263,167,0,0,0,0,0,0,0,0,0,0,1,0
830,60.245,-26.144,-25.799,139,0,0,0,0,0,0,0,0,0,0,0,1
831,66.55,-21.813,-4.2924,171,0,0,0,0,0,0,0,0,0,0,0,1
832,52.595,-18.454,-25.924,185,0,0,0,0,0,0,0,0,0,0,0,1
833,31.045,-1.3582,-43.791,134,0,0,0,0,0,0,0,0,0,0,0,1
834,-35.496,-10.777,-39.295,139,0,0,0,0,0,0,0,0,0,0,1,0
835,34.652,-49.526,-17.363,135,0,0,0,0,0,0,0,0,0,0,0,1
836,-51.162,-6.825,-3.7625,160,0,0,0,0,0,0,0,0,0,0,1,0
837,61.421,-3.6604,-22.931,159,0,0,0,0,0,0,0,0,0,0,0,1
838,60.283,-1.9783,-11.413,184,0,0,0,0,0,0,0,0,0,0,0,1
839,-47.322,-55.462,-21.626,171,0,0,0,0,0,0,0,0,0,0,1,0
840,40.212,1.1667,-16.182,132,0,0,0,0,0,0,0,0,0,0,0,1
841,37.5,-69.921,-18.289,76,0,0,0,0,0,0,0,0,0,0,0,1
842,-55.282,5.4,-18.976,170,0,0,0,0,0,0,0,0,0,0,1,0
843,44.552,9.8897,-40.897,145,0,0,0,0,0,0,0,0,0,0,0,1
844,43.304,-18.726,-31.822,135,0,0,0,0,0,0,0,0,0,0,0,1
845,-22.608,-9.3333,-33.098,102,0,0,0,0,0,0,0,0,0,0,1,0
846,-40.42,-72.2,-18.06,100,0,0,0,0,0,0,0,0,0,0,1,0
847,47.071,-41.452,12.476,84,0,0,0,0,0,0,0,0,0,0,0,1
848,-34.495,8.4835,-40.934,182,0,0,0,0,0,0,0,0,0,0,1,0
849,-35.007,19.546,-35.816,141,0,0,0,0,0,0,0,0,0,0,1,0
850,-46.629,-29.486,3.7333,105,0,0,0,0,0,0,0,0,0,0,1,0
851,-33.381,-8.4048,-24.238,84,0,0,0,0,0,0,0,0,0,0,1,0
852,-63.338,-33.729,-18.962,133,0,0,0,0,0,0,0,0,0,0,1,0
853,-63.105,-41.613,-1.9006,181,0,0,0,0,0,0,0,0,0,0,1,0
854,-38.253,-30.785,10.304,79,0,0,0,0,0,0,0,0,0,0,1,0
855,54.423,-59.256,-18.474,156,0,0,0,0,0,0,0,0,0,0,0,1
856,40.378,22.703,-28.486,111,0,0,0,0,0,0,0,0,0,0,0,1
857,37.959,-38.218,-22.748,147,0,0,0,0,0,0,0,0,0,0,0,1
858,53.42,3.2045,-34.091,176,0,0,0,0,0,0,0,0,0,0,0,1
859,-34.836,-51.918,-18.918,146,0,0,0,0,0,0,0,0,0,0,1,0
860,-48.969,-23.292,-26.677,130,0,0,0,0,0,0,0,0,0,0,1,0
861,22.697,7.6818,-33.045,132,0,0,0,0,0,0,0,0,0,0,0,1
862,-25.685,15.102,-37.827,127,0,0,0,0,0,0,0,0,0,0,1,0
863,32.456,-16.853,-28.588,136,0,0,0,0,0,0,0,0,0,0,0,1
864,56.819,-9.3333,-32.903,144,0,0,0,0,0,0,0,0,0,0,0,1
865,-21.96,-18.099,-26.792,101,0,0,0,0,0,0,0,0,0,0,1,0
866,-49.57,-8.1266,-40.468,158,0,0,0,0,0,0,0,0,0,0,1,0
867,35.786,-9.7857,-37.143,140,0,0,0,0,0,0,0,0,0,0,0,1
868,-54.63,-31.954,-5.6759,216,0,0,0,0,0,0,0,0,0,0,1,0
869,52.082,-49.245,-9.1735,196,0,0,0,0,0,0,0,0,0,0,0,1
870,-43.766,-14.638,-31.489,188,0,0,0,0,0,0,0,0,0,0,1,0
871,47.393,-42.089,-25.393,135,0,0,0,0,0,0,0,0,0,0,0,1
872,-60.545,-7.3048,-10.674,187,0,0,0,0,0,0,0,0,0,0,1,0
873,56.699,-41.315,12.056,143,0,0,0,0,0,0,0,0,0,0,0,1
874,30.465,-0.74839,-33.613,155,0,0,0,0,0,0,0,0,0,0,0,1
875,58.227,-25.216,1.7955,176,0,0,0,0,0,0,0,0,0,0,0,1
876,-49.896,11.026,-28.74,154,0,0,0,0,0,0,0,0,0,0,1,0
877,-60.628,-55.839,0.49635,137,0,0,0,0,0,0,0,0,0,0,1,0
878,-54.667,-5.8966,-30.414,174,0,0,0,0,0,0,0,0,0,0,1,0
879,52.106,15.717,-13.08,113,0,0,0,0,0,0,0,0,0,0,0,1
880,-45.402,-18.513,-0.017094,117,0,0,0,0,0,0,0,0,0,0,1,0
881,35.417,12.217,-31.223,175,0,0,0,0,0,0,0,0,0,0,0,1
882,-53.524,-48.667,-6.7619,168,0,0,0,0,0,0,0,0,0,0,1,0
883,36.036,-60.327,-17.018,110,0,0,0,0,0,0,0,0,0,0,0,1
884,-55.672,-25.418,-17.566,189,0,0,0,0,0,0,0,0,0,0,1,0
885,38.507,-13.754,3.9855,138,0,0,0,1,0,0,0,0,0,0,0,0
886,-40.175,2.0583,-7.4757,103,0,0,1,0,0,0,0,0,0,0,0,0
887,36.272,19.272,-11.235,162,0,0,0,1,0,0,0,0,0,0,0,0
888,-40.491,-0.19429,2.2057,175,0,0,1,0,0,0,0,0,0,0,0,0
889,-33.913,12.942,6.1014,138,0,0,1,0,0,0,0,0,0,0,0,0
890,32.366,27.951,6.0976,82,0,0,0,1,0,0,0,0,0,0,0,0
891,41.393,11.958,-4.4188,191,0,0,0,1,0,0,0,0,0,0,0,0
892,37.278,-6.8228,13.443,158,0,0,0,1,0,0,0,0,0,0,0,0
893,-36.064,-9.04,13.504,125,0,0,1,0,0,0,0,0,0,0,0,0
894,-34.384,-20.061,11.293,99,0,0,1,0,0,0,0,0,0,0,0,0
895,41.63,-1.0476,-0.57143,189,0,0,0,1,0,0,0,0,0,0,0,0
896,34.247,18.494,4.0519,154,0,0,0,1,0,0,0,0,0,0,0,0
897,-38.692,-12.451,0.4812,133,0,0,1,0,0,0,0,0,0,0,0,0
898,-38.791,14.202,-7.4419,129,0,0,1,0,0,0,0,0,0,0,0,0
899,36.474,5.3421,9.9868,152,0,0,0,1,0,0,0,0,0,0,0,0
900,-35.116,1.8737,12.358,95,0,0,1,0,0,0,0,0,0,0,0,0
901,-31.537,24.073,7.9512,82,0,0,1,0,0,0,0,0,0,0,0,0
902,-33.735,22.776,-2.0816,98,0,0,1,0,0,0,0,0,0,0,0,0
903,17.248,-6.7517,-18.081,149,0,0,0,0,0,0,0,0,0,1,0,0
904,17.793,-9.3293,22.146,164,0,0,0,0,0,0,0,0,0,1,0,0
905,-14.298,1.0877,19.333,114,0,0,0,0,0,0,0,0,1,0,0,0
906,-23.885,-5.1923,-25.167,156,0,0,0,0,0,0,0,0,1,0,0,0
907,-23.088,15.375,-1.6625,160,0,0,0,0,0,0,0,0,1,0,0,0
908,-30.282,-5.7669,-1.6074,163,0,0,0,0,0,0,0,0,1,0,0,0
909,-6.033,-15.637,-1.022,182,0,0,0,0,0,0,0,0,1,0,0,0
910,28.8,-13.167,-21.383,120,0,0,0,0,0,0,0,0,0,1,0,0
911,-17.368,-6.5419,-17.252,155,0,0,0,0,0,0,0,0,1,0,0,0
912,17.652,-0.030303,-2.0758,132,0,0,0,0,0,0,0,0,0,1,0,0
913,17.309,15.509,14.091,110,0,0,0,0,0,0,0,0,0,1,0,0
914,-14.525,11.656,16.213,122,0,0,0,0,0,0,0,0,1,0,0,0
915,31.79,-2.5905,-5.8095,105,0,0,0,0,0,0,0,0,0,1,0,0
916,-32.227,-31.432,-9.1591,88,0,0,0,0,0,0,0,0,1,0,0,0
917,24.198,-18.678,-16.083,121,0,0,0,0,0,0,0,0,0,1,0,0
918,16.248,5.0345,19.407,145,0,0,0,0,0,0,0,0,0,1,0,0
919,-25.279,-1.7158,8.9399,183,0,0,0,0,0,0,0,0,1,0,0,0
920,22.671,11.342,-7.6398,161,0,0,0,0,0,0,0,0,0,1,0,0
921,-8.6265,8.8675,-8.6265,83,0,0,0,0,0,0,0,0,1,0,0,0
922,-15.636,-30.364,-0.43357,143,0,0,0,0,0,0,0,0,1,0,0,0
923,30.917,-10.606,2.7339,109,0,0,0,0,0,0,0,0,0,1,0,0
924,-22.485,-16.394,-19.212,132,0,0,0,0,0,0,0,0,1,0,0,0
925,5.4749,-4.2682,3.5307,179,0,0,0,0,0,0,0,0,0.061453,0.93855,0,0
926,-23.865,8.1472,6.8344,163,0,0,0,0,0,0,0,0,1,0,0,0
927,27.453,-5.223,-18.475,139,0,0,0,0,0,0,0,0,0,1,0,0
928,-27.809,-13.277,5.1064,94,0,0,0,0,0,0,0,0,1,0,0,0
929,18.612,-25.864,3.3878,147,0,0,0,0,0,0,0,0,0,1,0,0
930,26.873,-2.3521,7.4648,142,0,0,0,0,0,0,0,0,0,1,0,0
931,-7.4503,-5.883,4.6667,171,0,0,0,0,0,0,0,0,1,0,0,0
932,11.03,9.7164,11.164,134,0,0,0,0,0,0,0,0,0,1,0,0
933,26.753,-33.384,-4.6312,263,0,0,0,0,0,0,0,0,0,1,0,0
934,-15.729,-9.1017,23.39,118,0,0,0,0,0,0,0,0,1,0,0,0
935,17.989,-17.866,11.587,179,0,0,0,0,0,0,0,0,0,1,0,0
936,14.25,22.412,-4.9875,160,0,0,0,0,0,0,0,0,0,1,0,0
937,-22.66,-34.621,-5.4483,203,0,0,0,0,0,0,0,0,1,0,0,0
938,-16.756,0.37179,-2.1026,156,0,0,0,0,0,0,0,0,1,0,0,0
939,-13.583,18.486,7.6944,144,0,0,0,0,0,0,0,0,1,0,0,0
940,-27.481,5.0247,-4.037,162,0,0,0,0,0,0,0,0,1,0,0,0
941,23.122,-3.9837,-25.48,123,0,0,0,0,0,0,0,0,0,1,0,0
942,-14.867,23.35,-2,120,0,0,0,0,0,0,0,0,1,0,0,0
943,10.763,11.878,-8.2901,131,0,0,0,0,0,0,0,0,0,1,0,0
944,34.435,-19.522,-15.304,92,0,0,0,0,0,0,0,0,0,1,0,0
945,24.181,8.2825,6.8249,177,0,0,0,0,0,0,0,0,0,1,0,0
946,22.256,-12.274,-0.15385,117,0,0,0,0,0,0,0,0,0,1,0,0
947,-31.382,-22.327,-15.182,110,0,0,0,0,0,0,0,0,1,0,0,0
948,12.388,-9.1189,11.304,227,0,0,0,0,0,0,0,0,0,1,0,0
949,-13.018,-17.62,14.81,163,0,0,0,0,0,0,0,0,1,0,0,0
950,-9.5039,7.4729,10.279,129,0,0,0,0,0,0,0,0,1,0,0,0
951,23.632,17.299,-0.44828,174,0,0,0,0,0,0,0,0,0,1,0,0
952,-21.636,-10.066,-1.9835,121,0,0,0,0,0,0,0,0,1,0,0,0
953,9.506,16.458,2.2169,166,0,0,0,0,0,0,0,0,0,1,0,0
954,-1.5088,-13.254,9.8596,228,0,0,0,0,0,0,0,0,0.71053,0.28947,0,0
955,9.75,-23.409,6.3636,176,0,0,0,0,0,0,0,0,0,1,0,0
956,-14.874,-15.414,5.1724,174,0,0,0,0,0,0,0,0,1,0,0,0
957,-9.1071,15.619,-0.91667,168,0,0,0,0,0,0,0,0,1,0,0,0
958,-18.333,12.227,-8.7733,150,0,0,0,0,0,0,0,0,1,0,0,0
959,30.259,5.6588,-0.68235,170,0,0,0,0,0,0,0,0,0,1,0,0
960,-17.876,-26.298,8.4472,161,0,0,0,0,0,0,0,0,1,0,0,0
961,9.1714,-13.552,0.42857,210,0,0,0,0,0,0,0,0,0,1,0,0
962,-7.1765,-25.572,5.7219,187,0,0,0,0,0,0,0,0,1,0,0,0
963,16.903,22.339,6.129,124,0,0,0,0,0,0,0,0,0,1,0,0
964,-29.115,-11.443,-18.377,122,0,0,0,0,0,0,0,0,1,0,0,0
